round,result,value,gainloss,wager,percent
0,,1000,,20,2.00%
1,L,980,-20,24,2.45%
2,W,1004,24,19.2,1.91%
3,L,984.8,-19.2,23.04,2.34%
4,W,1007.84,23.04,18.432,1.83%
5,L,989.408,-18.432,22.1184,2.24%
6,W,1011.5264,22.1184,17.69472,1.75%
7,L,993.83168,-17.69472,21.233664,2.14%
8,W,1015.065344,21.233664,16.9869312,1.67%
9,L,998.0784128,-16.9869312,20.38431744,2.04%
10,W,1018.46273,20.38431744,0,0.00%